[array([-0.00936389,  0.06166443,  0.06320946,  0.08593327, -0.0181987 ,
        0.16510062,  0.17463289, -0.09464837, -0.10286178, -0.0161575 ,
       -0.04274848, -0.02536889,  0.00241671,  0.0626822 , -0.14746136,
        0.12541369, -0.09555365, -0.00422395,  0.05102191,  0.01275721]), array([-0.11811485,  0.17064067,  0.06654608,  0.01285829,  0.06873332,
       -0.02434914, -0.03429242, -0.06592582, -0.06580026,  0.10854447,
        0.11633715,  0.24788833,  0.0637563 ,  0.00131472, -0.00110969,
       -0.12077553]), array([ 0.0205932 ,  0.0203033 ,  0.05878424,  0.23405999,  0.00519925,
        0.08059387, -0.09028964, -0.03363418, -0.15492917, -0.00276128,
       -0.0582408 , -0.13475277,  0.24813228, -0.05154345, -0.16388636,
       -0.01699531]), array([-0.03573923,  0.00516889, -0.22044493,  0.13835579, -0.0691406 ,
       -0.05289812,  0.14758982, -0.07115983, -0.09565797,  0.06333693,
        0.13312735,  0.03647362,  0.11904253, -0.22470604, -0.10078236,
       -0.01422493]), array([ 0.09435845,  0.0023751 , -0.09910525, -0.06994264, -0.0150242 ,
       -0.02150067, -0.04916857, -0.10332673,  0.03592708,  0.06607274,
        0.13492124, -0.05642541, -0.13391381, -0.15836291,  0.10134448,
        0.02354669])][array([ 0.0902962 , -0.01196162, -0.03527186,  0.13214115,  0.02037833,
       -0.16837276, -0.08868569, -0.12102759,  0.01974262, -0.13811614,
       -0.09081083, -0.17772073, -0.05460386,  0.01498285,  0.02114258,
        0.01081609, -0.08801793,  0.20396058,  0.03243831,  0.18154301]), array([-0.0760831 ,  0.22272655, -0.15976949, -0.0761315 , -0.00271175,
       -0.03150159,  0.00493074,  0.08298803,  0.07141642,  0.03673496,
       -0.03488686, -0.0306053 , -0.03291871, -0.14885909,  0.04289348,
       -0.04470385]), array([ 0.01782291,  0.01237781, -0.11609585, -0.08972875, -0.01629067,
        0.14546543, -0.10261756, -0.02026374, -0.06479193,  0.09698655,
       -0.03132246, -0.05017876, -0.00209074, -0.12828511, -0.08617396,
       -0.00179925]), array([-0.064366  , -0.12575402, -0.1313703 ,  0.02960169,  0.07231262,
       -0.0889546 , -0.04624566, -0.00137234,  0.17042366,  0.04792359,
        0.10960988, -0.09603821,  0.27330198,  0.04753025,  0.0549969 ,
        0.04866835]), array([-0.00239526,  0.10345276,  0.11373666,  0.04644747,  0.02071642,
       -0.03981986,  0.04880018, -0.10465997,  0.09619548, -0.09352641,
        0.02451692,  0.1354651 ,  0.04321099, -0.06594849,  0.01606342,
       -0.08694646])][array([ 0.02279049,  0.01537996,  0.01157204, -0.07586504, -0.08137716,
       -0.09130368,  0.15468937, -0.07959465, -0.05573172, -0.11563955,
       -0.22253534, -0.08792454,  0.1455809 ,  0.01004471,  0.08244556,
       -0.08480923,  0.19996235,  0.06992332,  0.11986578,  0.12536953]), array([-0.11311531, -0.00393455,  0.10758805, -0.04430204, -0.24692224,
        0.07925694, -0.00768578, -0.0406859 ,  0.0882969 ,  0.03948254,
        0.06695129, -0.01276509, -0.14895637,  0.03199186, -0.1367395 ,
        0.11626138]), array([-0.15125425, -0.13724146,  0.09570425, -0.11443391,  0.09494358,
       -0.12534904, -0.05451127, -0.01606491,  0.21835002, -0.03558038,
        0.05155037,  0.00092313,  0.08904304,  0.10958407,  0.00274018,
        0.01848168]), array([ 0.00979407,  0.12517737, -0.07235406,  0.02741207,  0.03850314,
       -0.04842563,  0.10956517, -0.18355915, -0.00137746, -0.0173793 ,
       -0.11295568, -0.0178047 , -0.21907539, -0.02196113, -0.1455405 ,
        0.016818  ]), array([ 0.09627622, -0.01537646, -0.0134249 ,  0.16351558, -0.00624529,
        0.03583874, -0.11587262, -0.10336823,  0.00212958,  0.008631  ,
       -0.10533428, -0.13972979,  0.03344483,  0.08408337, -0.18948409,
        0.06026083])][array([ 0.0574577 , -0.00135684,  0.12531122,  0.15558606, -0.18234833,
       -0.10061585, -0.12322226, -0.1542943 , -0.10492752, -0.04216169,
        0.05414048, -0.24369698, -0.05595855, -0.00837418,  0.2570989 ,
       -0.06605385,  0.03201908, -0.12039865,  0.02634408,  0.10382824]), array([-0.04269009, -0.01536684, -0.06270293,  0.03355789, -0.07641666,
        0.08763708,  0.01687297,  0.09503217,  0.30794718, -0.12992691,
        0.09243273,  0.09478803,  0.03294895,  0.02616442, -0.00085002,
        0.02614638]), array([-0.07203446,  0.08975211,  0.03399622, -0.04336813, -0.0361909 ,
        0.09253667,  0.04132331,  0.00410054,  0.10911427, -0.09250685,
       -0.03562039, -0.10608405, -0.06452956, -0.03409684, -0.11349181,
        0.08788983]), array([ 0.12079369, -0.04405467, -0.07914031, -0.09714813, -0.05086057,
       -0.02878848,  0.08258832,  0.00203622,  0.06137395,  0.06806583,
        0.00735674, -0.05525555, -0.04443406,  0.02574223,  0.05370086,
       -0.1792437 ]), array([-0.00094368,  0.07358179, -0.09480416,  0.129593  ,  0.07608669,
        0.08974594,  0.07348032, -0.0368285 , -0.09476665,  0.00441617,
        0.00112381,  0.03408841,  0.10684252, -0.05914586,  0.06952535,
       -0.05695424])][array([-0.14319249, -0.02491102,  0.03612941,  0.07685454, -0.03361514,
       -0.09891345,  0.09534781,  0.01578986,  0.06520999, -0.04389501,
       -0.16086855, -0.10130413, -0.09407373, -0.02211542,  0.00720883,
        0.04289489,  0.07058092, -0.01614329,  0.04328964, -0.00762789]), array([ 0.09994129,  0.00843643,  0.01908137,  0.04747041,  0.0603489 ,
       -0.09839858,  0.1002724 ,  0.07114514,  0.00934957,  0.22161878,
       -0.00821461,  0.01327191,  0.03165518,  0.1020368 , -0.11064036,
        0.01846905]), array([ 0.01393182, -0.00802917,  0.27800111,  0.21787446, -0.08448404,
       -0.15128606, -0.12905548, -0.02345145,  0.19379469, -0.00570223,
       -0.05760091, -0.20659874, -0.06683645,  0.11417622, -0.03319201,
       -0.01523591]), array([ 0.02791629,  0.03524098,  0.13152394,  0.01825999, -0.07195458,
        0.09884278,  0.06233405, -0.30868976,  0.04563596,  0.12022328,
        0.10233678, -0.04386477,  0.01723019, -0.02507672, -0.07140304,
       -0.01018948]), array([-0.11699402,  0.04378257, -0.02307457,  0.06142806, -0.04507934,
        0.20943879,  0.01234694,  0.05724774, -0.01755131, -0.03754861,
       -0.03896151,  0.02740981, -0.08979636, -0.09667294, -0.18460617,
       -0.20862703])][array([-0.11470985, -0.15318781, -0.20624529,  0.08483759, -0.09323307,
        0.09665545,  0.00495557, -0.01921211,  0.01760301,  0.05707778,
        0.01454072,  0.0080111 , -0.13477015, -0.0226257 , -0.0059312 ,
        0.16078088,  0.09777437, -0.01534647,  0.16325543,  0.2522139 ]), array([ 0.12075235, -0.04512371,  0.1207377 , -0.05281548,  0.04689964,
       -0.13145643,  0.14048843,  0.19187568,  0.21519762,  0.08411269,
       -0.09601173,  0.1215039 , -0.04114549, -0.11641626, -0.08031261,
        0.02301204]), array([ 0.08380169,  0.01260364,  0.21992486, -0.00169495, -0.06433732,
       -0.07654127, -0.18609472, -0.13133874,  0.21847683,  0.0579629 ,
        0.02559407, -0.09810649,  0.02740479,  0.18371493, -0.13657398,
       -0.08761741]), array([-0.03863266,  0.0684456 , -0.05951835, -0.12697195,  0.02241517,
        0.13170703,  0.10621258, -0.16878839, -0.04900425,  0.09762383,
       -0.24434293,  0.09590005, -0.16601129, -0.04588189, -0.116523  ,
        0.01756465]), array([ 0.15564237,  0.14275882, -0.04435102,  0.0456835 ,  0.02054545,
        0.0693086 ,  0.10718484,  0.0427426 ,  0.09546499,  0.10555906,
       -0.00463301, -0.13233181,  0.05152799, -0.14785802, -0.13365999,
       -0.01269655])][array([ 0.02947022, -0.02591392, -0.03651491, -0.03200278,  0.08319109,
       -0.0901928 ,  0.0189096 ,  0.05108786, -0.10077024,  0.04734181,
       -0.18473583, -0.14270211, -0.32192626, -0.08302013,  0.03284064,
        0.1164327 , -0.10227857,  0.10510188,  0.01943341, -0.1107187 ]), array([ 0.18556365,  0.10870577,  0.06817446,  0.08910837, -0.00395055,
       -0.16034502, -0.03748742,  0.05073163, -0.00722675, -0.02126621,
       -0.08530679, -0.04958535, -0.0377839 ,  0.02595184,  0.10460786,
        0.05317162]), array([-0.10069663,  0.05138235, -0.17998297, -0.07134483,  0.13259354,
       -0.12280086,  0.12672037,  0.21857853, -0.04666894,  0.14081533,
        0.08919434,  0.11469404,  0.09083579, -0.13156582,  0.04909852,
       -0.24427299]), array([ 0.0851239 , -0.02945416,  0.05525496,  0.01067573,  0.06065255,
        0.07627312, -0.0538047 ,  0.00948233,  0.01176897,  0.04746847,
       -0.03484512, -0.1363237 ,  0.08172224,  0.00799502,  0.0382811 ,
       -0.06611579]), array([-0.01039926,  0.00090316,  0.10065904,  0.01235983,  0.21272488,
       -0.01920463,  0.00389786,  0.00211411,  0.0062587 , -0.15058892,
        0.10552479, -0.04122066,  0.14628413, -0.03357208,  0.12226293,
        0.10675825])][array([-0.20224655, -0.0145784 ,  0.04987986, -0.09300768,  0.06573545,
       -0.00656862,  0.04148744, -0.02779415,  0.05806334,  0.06303164,
       -0.00138138, -0.11123329, -0.23790869,  0.03418421,  0.04014952,
        0.03923578, -0.14522863,  0.13413543,  0.01051202,  0.18164975]), array([-0.21733538, -0.17265933, -0.07538712,  0.049626  , -0.02593158,
       -0.06948168, -0.09803883,  0.05545367, -0.05023034,  0.04143634,
        0.27078341, -0.04284812,  0.01378167,  0.08199511, -0.06882017,
        0.14963719]), array([-0.05584255, -0.17664166, -0.08894881,  0.13032515,  0.04625165,
       -0.04115771, -0.04550949,  0.09286937, -0.02374859,  0.01895693,
       -0.027223  , -0.00047657, -0.09997071,  0.20196507,  0.05565132,
        0.01273337]), array([-0.27172622,  0.02267888, -0.14993147, -0.02250189, -0.13838841,
        0.00565417, -0.15945889, -0.00205908, -0.10841679,  0.01779651,
        0.08774909,  0.20681503,  0.0254554 , -0.03455905,  0.08923563,
       -0.07322432]), array([ 2.07613083e-02, -9.56985576e-02,  1.67548650e-01, -7.06015132e-02,
        5.05269224e-02,  1.04397332e-01,  1.15983213e-01,  9.93488622e-05,
        1.49107405e-02,  3.14830587e-02,  1.58282643e-01,  3.48510012e-02,
       -9.89449128e-02, -5.23845991e-02, -1.17094766e-01,  1.54071868e-01])][array([ 0.06835311,  0.04398626,  0.0746949 , -0.09926497,  0.05633913,
        0.1743002 , -0.04433017, -0.04034643, -0.11859599,  0.09554834,
        0.12454904, -0.10962537,  0.04597193,  0.13380417,  0.18272333,
       -0.14857878, -0.03939013,  0.08046646, -0.10108719,  0.02847457]), array([ 0.17938287, -0.0436454 , -0.03136957,  0.0406532 , -0.09437862,
        0.03903534, -0.10832686,  0.06808462,  0.03776237, -0.01504572,
       -0.11281133,  0.05708254,  0.16477491, -0.10730812,  0.03070376,
       -0.10082737]), array([ 0.02034477, -0.13509075,  0.08584407,  0.03914886, -0.00575934,
       -0.13320818,  0.0382797 , -0.04685002, -0.15222315, -0.06034011,
        0.04456157, -0.05374948, -0.15337733, -0.04388731,  0.01615848,
        0.10923309]), array([ 0.10009585, -0.00641907, -0.13305474, -0.04815073,  0.06200269,
        0.00583941, -0.05436521,  0.09508667, -0.09533515, -0.04508275,
       -0.10369105,  0.0184684 , -0.03074016,  0.0546996 , -0.0337432 ,
       -0.0421929 ]), array([ 0.02919926,  0.12814509,  0.01182688,  0.02337102, -0.12110182,
       -0.13956662, -0.00105605,  0.00614946,  0.02865967, -0.07857181,
       -0.08009016, -0.10073012,  0.14187712,  0.07180976, -0.017633  ,
       -0.0211498 ])][array([-0.08717122,  0.1738081 , -0.06665487, -0.12334129, -0.03503259,
       -0.00677641, -0.10870193,  0.09907353, -0.15675898,  0.05784118,
       -0.01160678, -0.18787289,  0.17018916,  0.05143449,  0.04136993,
        0.03921436, -0.02937797, -0.11542024,  0.08548913, -0.02385542]), array([ 0.0256221 ,  0.02830354, -0.09668978, -0.08678002,  0.26036561,
        0.02251161, -0.15482639,  0.05944403,  0.01663656,  0.00998184,
       -0.12848016, -0.04054703,  0.06944728, -0.03366457, -0.12159985,
       -0.05632519]), array([-0.00390927,  0.022652  , -0.15789335,  0.05273073, -0.11932198,
       -0.00714083, -0.00539239,  0.02350813, -0.06403832, -0.04136613,
        0.00676395, -0.03901827, -0.08517508, -0.02026315, -0.0960156 ,
        0.16818355]), array([-0.03850185,  0.12743419, -0.00931526,  0.06229249, -0.16932837,
        0.01112981,  0.02295891,  0.01870567,  0.25335122, -0.00612529,
       -0.06769583,  0.18452945,  0.14520744, -0.00782898, -0.00936923,
        0.2776355 ]), array([-0.06071443,  0.00943738, -0.05930881, -0.11714372,  0.04283224,
       -0.05661842, -0.0355257 , -0.1208858 , -0.03668603, -0.08104275,
        0.02311041, -0.12151212, -0.00609183, -0.04363118, -0.00410578,
       -0.03803845])][array([-0.01821087,  0.12187487,  0.14105362,  0.21942133,  0.13239573,
        0.01631508, -0.26877277,  0.22407426,  0.19134437,  0.04767035,
       -0.0398754 , -0.09308048,  0.01569969,  0.02430741, -0.1013799 ,
       -0.10638375,  0.00948382,  0.16131833,  0.10465172, -0.0739795 ]), array([-0.2517386 , -0.06562555, -0.01879434, -0.15042234, -0.18423237,
       -0.02673824,  0.06829497,  0.08755813,  0.01504828, -0.13313146,
       -0.06651016, -0.23052941, -0.05924507, -0.17240101, -0.09022235,
        0.13428119]), array([ 0.0116532 ,  0.00984177, -0.16792701,  0.16226234,  0.16492077,
        0.11487613,  0.0450887 ,  0.0822289 , -0.10234871, -0.0154709 ,
       -0.01261799, -0.06472274, -0.03336838,  0.13913981, -0.14188804,
        0.02879763]), array([-0.03565855,  0.03835405, -0.02849991,  0.03991297,  0.02674949,
       -0.03530644, -0.02303986,  0.16840694,  0.18895367,  0.09225082,
       -0.05504234, -0.05177983, -0.00266722, -0.06144018, -0.04806681,
        0.05448661]), array([ 0.06826877, -0.06930269, -0.07809874,  0.02773715,  0.01006256,
       -0.05019735,  0.05192145, -0.0299317 ,  0.12144967, -0.15675444,
        0.03009618,  0.03291944,  0.01459614,  0.05361111, -0.07840288,
        0.10616738])][array([-0.14700249, -0.14734175, -0.16708128, -0.08359049, -0.0423701 ,
        0.07203359,  0.0527549 ,  0.10113012,  0.05654304,  0.06771656,
       -0.01025878,  0.11732096,  0.08291665, -0.02879413, -0.0911996 ,
        0.00096559,  0.16682744, -0.05996926,  0.17013827,  0.06570734]), array([ 0.14242322, -0.23636542,  0.04297509, -0.05921112, -0.26375153,
       -0.10169451, -0.03181598, -0.0598096 , -0.06714169, -0.16047445,
       -0.2223196 , -0.0733813 ,  0.1767639 , -0.13445924, -0.06901272,
        0.00533129]), array([-0.02921963,  0.10944114, -0.09275481,  0.08783008,  0.06500241,
       -0.0126575 , -0.15346872,  0.06179871, -0.01840542,  0.04817775,
       -0.08319373,  0.10455384, -0.01475018, -0.08097053, -0.02988641,
       -0.03212648]), array([-0.07533133,  0.05467558, -0.04308202,  0.00625792,  0.11740525,
       -0.01127712,  0.06840178, -0.09535175, -0.02824163,  0.05537208,
       -0.06173896, -0.04120762,  0.08226696,  0.06496598, -0.07805359,
        0.11195244]), array([-0.0618675 ,  0.13504094, -0.24801054, -0.11879043,  0.20290086,
       -0.10361486, -0.03608021,  0.04069224,  0.05794839, -0.01258965,
       -0.12351767, -0.06572649, -0.04167052, -0.02646745,  0.14477715,
       -0.02435192])]