[array([[ 0.10803719, -0.01958032, -0.00218977, -0.05848479],
       [-0.11538616,  0.01404938,  0.00584095, -0.13002269],
       [-0.08324964, -0.03040385,  0.03529449, -0.06365158],
       [ 0.11542288, -0.06278755,  0.12657713,  0.01924305],
       [ 0.2153304 , -0.05228691,  0.07611954, -0.00083776]]), [array([[-0.0477292 ,  0.05494495,  0.09880831,  0.0323074 ],
       [ 0.10981367, -0.04343545,  0.11375051, -0.06277149],
       [-0.03151018,  0.08353665,  0.04902629, -0.0400636 ],
       [-0.01988863, -0.10012085,  0.16018683,  0.25433403]])], array([[-0.10083757, -0.09129196,  0.09076354,  0.02571811],
       [-0.01263031,  0.12692991, -0.05521623,  0.0499502 ],
       [-0.18974372,  0.06213776, -0.1007376 , -0.08976852],
       [ 0.04378309,  0.01621338,  0.09846383, -0.03926371]])][array([[ 0.00555399,  0.09383647,  0.02365383,  0.04876065],
       [ 0.07601805, -0.06012828, -0.09257905, -0.13523203],
       [-0.05893183,  0.0853163 ,  0.06719246, -0.00837292],
       [ 0.08412436, -0.02655581, -0.01276274,  0.0283972 ],
       [ 0.02279873, -0.060291  ,  0.08263012,  0.05700479]]), [array([[-0.05094255,  0.00877229,  0.117841  , -0.06139445],
       [-0.01680556, -0.05370875,  0.05766091, -0.0202525 ],
       [-0.02180092, -0.00448676,  0.04090964, -0.0793861 ],
       [-0.08866281, -0.05768103,  0.05766091,  0.06426261]])], array([[ 0.06071963, -0.03392913,  0.10626667, -0.01895748],
       [ 0.0433232 ,  0.08268061, -0.02137428,  0.04880881],
       [-0.1257314 ,  0.0857435 , -0.13829215, -0.04724523],
       [ 0.06036893,  0.07219234,  0.13565737, -0.05629229]])][array([[ 0.00555399,  0.09383647,  0.02365383,  0.04876065],
       [ 0.07601805, -0.06012828, -0.09257905, -0.13523203],
       [-0.05893183,  0.0853163 ,  0.06719246, -0.00837292],
       [ 0.08412436, -0.02655581, -0.01276274,  0.0283972 ],
       [ 0.02279873, -0.060291  ,  0.08263012,  0.05700479]]), [array([[-0.05094255,  0.00877229,  0.117841  , -0.06139445],
       [-0.01680556, -0.05370875,  0.05766091, -0.0202525 ],
       [-0.02180092, -0.00448676,  0.04090964, -0.0793861 ],
       [-0.08866281, -0.05768103,  0.05766091,  0.06426261]])], array([[ 0.06071963, -0.03392913,  0.10626667, -0.01895748],
       [ 0.0433232 ,  0.08268061, -0.02137428,  0.04880881],
       [-0.1257314 ,  0.0857435 , -0.13829215, -0.04724523],
       [ 0.06036893,  0.07219234,  0.13565737, -0.05629229]])][array([[-0.09692921,  0.20725326,  0.04949743,  0.15600608],
       [ 0.26742226, -0.13430593, -0.19099906, -0.14044138],
       [-0.03461402,  0.20103645,  0.09909044,  0.04690574],
       [ 0.05282584,  0.00967594, -0.15210262,  0.03755135],
       [-0.16973294, -0.06829509,  0.0891407 ,  0.11484735]]), [array([[-0.0541559 , -0.03740036,  0.1368737 , -0.15509629],
       [-0.1434248 , -0.06398205,  0.00157131,  0.02226649],
       [-0.01209166, -0.09251017,  0.03279298, -0.11870859],
       [-0.15743699, -0.01524121, -0.04486501, -0.12580882]])], array([[ 0.22227684,  0.02343371,  0.12176979, -0.06363308],
       [ 0.0992767 ,  0.03843131,  0.01246766,  0.04766741],
       [-0.06171909,  0.10934925, -0.17584671, -0.00472194],
       [ 0.07695477,  0.1281713 ,  0.17285092, -0.07332088]])]