
0, 16.0, 372
1, 12.0, 396
2, -30.0, 431
3, 316.5, 789
4, 335.0, 1706
5, 531.0, 2472
6, 527.5, 2724
7, 1032.5, 2607
8, 1030.5, 2909
9, 1116.0, 2639
10, 1558.0, 2887
11, 1186.5, 2709
12, 1368.0, 2924
13, 1270.0, 2617
14, 1601.0, 2824
15, 1458.5, 3140
16, 1243.5, 3001
17, 1333.5, 3444
18, 1372.0, 2840
19, 1211.5, 3365
20, 1582.5, 3187
21, 1517.5, 3660
22, 549.0, 3187
23, 1373.5, 3548
24, 2001.0, 4015
25, 2027.0, 3557
26, 1701.0, 3417
27, 1620.0, 3326
28, 1906.5, 3792
29, 1888.0, 3404
30, 1781.0, 4106
31, 1225.0, 3760
32, 2249.5, 4091
33, 2187.5, 3639
34, 1603.0, 3666
35, 1934.0, 3565
36, 1662.5, 3647
37, 2322.0, 3821
38, 2462.5, 3629
39, 2169.5, 3387
40, 1490.0, 3631
41, 2359.0, 4267
42, 2643.5, 3798
43, 1606.0, 3583
44, 1964.5, 3786
45, 2060.0, 3842
46, 2179.0, 3837
47, 1688.5, 3866
48, 2385.5, 3420
49, 1856.5, 3628
50, 2169.5, 3684
51, 2508.0, 3586
52, 1664.5, 3452
53, 2293.5, 3701
54, 1190.0, 3842
55, 2050.0, 4018
56, 2050.5, 3959
57, 2608.5, 3803
58, 2499.0, 3738
59, 2187.0, 3698
60, 2350.0, 3935
61, 2398.5, 3690
62, 2601.0, 4231
63, 2498.0, 3619
64, 2554.0, 3819
65, 2416.5, 4364
66, 2852.5, 4646
67, 2851.5, 3754
68, 2571.5, 3970
69, 2680.0, 4105
70, 2811.0, 3918
71, 2844.5, 3835
72, 2714.5, 3763
73, 2666.5, 3842
74, 2600.5, 3850
75, 2706.5, 3672
76, 2747.0, 4236
77, 2890.0, 4159
78, 2686.5, 3860
79, 2737.0, 3971
80, 3095.5, 4231
81, 2658.0, 3650
82, 2641.0, 4003
83, 2634.0, 3780
84, 2732.0, 4001
85, 2652.5, 4087
86, 2739.0, 3879
87, 2729.0, 3799
88, 2804.5, 3870
89, 2625.0, 3752
90, 2861.0, 3684
91, 2799.5, 4079
92, 2979.0, 3898
93, 2735.0, 3648
94, 2747.0, 3635
95, 2738.0, 3931
96, 2977.0, 3969
97, 2784.0, 4036
98, 2589.5, 3981
99, 2648.0, 4416
